CELL START
1     0   ( 180 6 12 17 23 35 46 55 61 -111 -112 -117 -118 -124 -129
           -134 -139 -146 -156 -164 -173 -179 -1 -11 -18 -24 -36 -43 -49
           -54 -58 -64 -73 83 120 96 144 174 163 266 267)                  
          IMP:N=1.000000  IMP:P=1.000000          
          $plasma
2     12  -2.74427 ( 266 232 -231 -213 215 -204)                             
          IMP:N=1.000000  IMP:P=1.000000          
          $in-blk9-L
3     12  -2.74427 ( 266 232 -231 -204 219 -217)                             
          IMP:N=1.000000  IMP:P=1.000000          
          $in-blk11-L
4     12  -2.74427 ( -215 217 -231 -204 232 266)                             
          IMP:N=1.000000  IMP:P=1.000000          
          $in-blk10-L
5     12  -2.74427 ( -280 -204 266 210 -230 276)                             
          IMP:N=1.000000  IMP:P=1.000000          
          $in-blk7-L
6     12  -2.74427 ( -210 213 -204 232 -231 266)                             
          IMP:N=1.000000  IMP:P=1.000000          
          $in-blk8-L
7     12  -2.74427 ( 277 -281 -227 267 204 210)                              
          IMP:N=1.000000  IMP:P=1.000000          
          $in-blk7-R
8     12  -2.74427 ( 215 -228 -213 204 267 229)                              
          IMP:N=1.000000  IMP:P=1.000000          
          $in-blk9-R
9     12  -2.74427 ( 219 -228 -217 204 267 229)                              
          IMP:N=1.000000  IMP:P=1.000000          
          $in-blk11-R
10    12  -2.74427 ( 217 -228 -215 204 267 229)                              
          IMP:N=1.000000  IMP:P=1.000000          
          $in-blk10-R
11    12  -2.74427 ( -210 213 204 267 229 -228)                              
          IMP:N=1.000000  IMP:P=1.000000          
          $in-blk8-R
12    12  -2.74427 ( 235 260 279 -259 -269 267)                              
          IMP:N=1.000000  IMP:P=1.000000          
          $out-BLK6-L
13    12  -2.74427 ( 274 -279 248 -269 267 -247)                             
          IMP:N=1.000000  IMP:P=1.000000          
          $out-BLK5-L
14    12  -2.74427 ( 271 -274 242 -269 267 -241)                             
          IMP:N=1.000000  IMP:P=1.000000          
          $out-BLK4-L
15    12  -2.74427 ( 264 -271 234 -269 267 -233)                             
          IMP:N=1.000000  IMP:P=1.000000          
          $out-BLK3-L
16    12  -2.74427 ( -291 292 -264 255 -269 267)                             
          IMP:N=1.000000  IMP:P=1.000000          
          $out-BLK2-L
17    12  -2.74427 ( -285 252 267 -269 286 -255)                             
          IMP:N=1.000000  IMP:P=1.000000          
          $out-BLK1-L
18    12  -2.74427 ( 282 203 268 269 -257 258)                               
          IMP:N=1.000000  IMP:P=1.000000          
          $Out-BLK6-M
19    12  -2.74427 ( 275 269 -282 246 -245 268)                              
          IMP:N=1.000000  IMP:P=1.000000          
          $Out-BLK5-M
20    12  -2.74427 ( -239 240 -275 272 269 268)                              
          IMP:N=1.000000  IMP:P=1.000000          
          $Out-BLK4-M
21    12  -2.74427 ( 263 269 -272 202 -201 268)                              
          IMP:N=1.000000  IMP:P=1.000000          
          $Out-BLK3-M
22    12  -2.74427 ( 294 -293 -263 254 269 268)                              
          IMP:N=1.000000  IMP:P=1.000000          
          $Out-BLK2-M
23    12  -2.74427 ( 269 268 -287 288 251 -254)                              
          IMP:N=1.000000  IMP:P=1.000000          
          $Out-BLK1-M
24    12  -2.74427 ( -268 262 238 266 -261 278)                              
          IMP:N=1.000000  IMP:P=1.000000          
          $Out-BLK6-R
25    12  -2.74427 ( 266 -268 273 -278 -249 250)                             
          IMP:N=1.000000  IMP:P=1.000000          
          $Out-BLK5-R
26    12  -2.74427 ( 256 266 -265 -289 290 -268)                             
          IMP:N=1.000000  IMP:P=1.000000          
          $Out-BLK2-R
27    12  -2.74427 ( 270 266 -273 244 -243 -268)                             
          IMP:N=1.000000  IMP:P=1.000000          
          $Out-BLK4-R
28    12  -2.74427 ( 237 -268 -236 265 -270 266)                             
          IMP:N=1.000000  IMP:P=1.000000          
          $Out-BLK3-R
29    12  -2.74427 ( -256 284 266 -268 253 -283)                             
          IMP:N=1.000000  IMP:P=1.000000          
          $Out-BLK1-R
30    21  8.7624256-02 ( 194 98 -97 -187 267 266)                                
          IMP:N=1.000000  IMP:P=1.000000          
          $Div
31    21  8.7624256-02 ( -85 189 -187 97 267 266)                                
          IMP:N=1.000000  IMP:P=1.000000          
          $Div
32    21  8.7624256-02 ( 98 196 -194 267 -220 266)                               
          IMP:N=1.000000  IMP:P=1.000000          
          $Div
33    20  8.59691E-02 ( -216 198 -197 221 266 267)                              
          IMP:N=1.000000  IMP:P=1.000000          
          $VV-in-shell
34    20  8.59691E-02 ( 30 266 -221 -29 267 80) : ( 80 222 -90 267 266 91) : (
           30 91 267 81 266 -80)                                           
          IMP:N=1.000000  IMP:P=1.000000          
          $VV-in-shell
35    20  8.59691E-02 ( 267 -122 266 110 -116 114) : ( 266 -114 -122 267 -131
           -126 125) : ( 266 -131 267 -222 130 -125) : ( -125 -114 119 267
           266) : ( -114 267 -109 266 105) : ( 105 -99 91 -222 266 267 100)
           : ( -114 100 266 110 106 267 -105)                              
          IMP:N=1.000000  IMP:P=1.000000          
          $VV-in-shell
36    20  8.59691E-02 ( -141 266 -136 -131 222 267 135) : ( 266 -141 267 -221
           -147 145) : ( 266 -141 267 140 -135 -145) : ( -135 222 130 267
           266)                                                            
          IMP:N=1.000000  IMP:P=1.000000          
          $VV-in-shell
37    20  8.59691E-02 ( -160 -170 267 -166 266 165) : ( 267 -165 -160 266 -147
           -153 221 152) : ( 267 221 266 145 -152) : ( -152 -165 159 266
           267) : ( 266 -216 -176 -184 267 185) : ( 266 267 -165 -176 -170
           -185 169) : ( 266 -185 267 175 -169)                            
          IMP:N=1.000000  IMP:P=1.000000          
          $VV-in-shell
38    20  8.59691E-02 ( 266 -9 -21 267 -15 16) : ( 267 -4 266 -184 216 185) : (
           267 -16 -9 266 -4 -185 5) : ( 267 266 10 -16 -5) : ( -27 267
           -209 266 -33 34) : ( 267 -34 -27 -16 266 -21 22) : ( 266 -34 267
           28 -22)                                                         
          IMP:N=1.000000  IMP:P=1.000000          
          $VV-in-shell
39    20  8.59691E-02 ( 267 -52 266 -40 -47 48) : ( 266 267 -40 209 -33 34) : (
           267 -40 266 41 -48 -34) : ( 267 -207 -48 -52 266 53) : ( -207
           267 266 60 -53)                                                 
          IMP:N=1.000000  IMP:P=1.000000          
          $VV-in-shell
40    20  8.59691E-02 ( 266 -197 267 -209 216 198)                              
          IMP:N=1.000000  IMP:P=1.000000          
          $VV-in-shell
41    20  8.59691E-02 ( 266 157 267 -158 209 102) : ( 102 79 -89 267 88 266) : (
           267 157 266 88 101 -102) : ( 266 79 74 267 -75 70) : ( 267 -207
           74 69 266 -70) : ( 88 74 266 267 78 -79)                        
          IMP:N=1.000000  IMP:P=1.000000          
          $VV-in-shell
42    20  8.59691E-02 ( 69 267 207 -70 266 66) : ( 66 207 60 266 267 -59) : ( 69
           -59 266 65 267 -66)                                             
          IMP:N=1.000000  IMP:P=1.000000          
          $VV-in-shell
43    20  8.59691E-02 ( 266 -7 -19 267 -13 14) : ( 266 -182 267 -7 -2 3) : ( 267
           -182 266 183 216 -3) : ( -3 -14 8 266 -7 267) : ( -209 -19 266
           -31 -25 267 26) : ( -209 267 32 266 -26) : ( -26 20 -14 266 267
           -19)                                                            
          IMP:N=1.000000  IMP:P=1.000000          
          $VV-out-shell
44    20  8.59691E-02 ( -162 -172 267 -168 266 167) : ( 221 267 -162 266 -149
           -155 154) : ( 267 221 266 148 -154) : ( -154 -167 161 266 -162
           267) : ( -172 -182 267 -178 266 177) : ( -172 266 -167 171 267
           -177) : ( -177 183 -216 267 266 -182)                           
          IMP:N=1.000000  IMP:P=1.000000          
          $VV-out-shell
45    20  8.59691E-02 ( -143 266 -138 -133 267 137) : ( 266 -143 267 -149 -137
           142) : ( 266 -149 267 -221 148 -142) : ( -137 224 -133 132 267
           266)                                                            
          IMP:N=1.000000  IMP:P=1.000000          
          $VV-out-shell
46    20  8.59691E-02 ( 267 -224 266 -123 -133 -128 127) : ( 266 -224 267 132
           -127) : ( -127 113 121 267 -123 266) : ( 266 113 108 267 -107
           103) : ( 267 -224 108 94 104 266 -103) : ( 267 -123 266 108 115
           -113)                                                           
          IMP:N=1.000000  IMP:P=1.000000          
          $VV-out-shell
47    20  8.59691E-02 ( 42 266 -221 -39 267 86) : ( 86 224 -92 267 266 94) : (
           42 94 267 87 266 -86)                                           
          IMP:N=1.000000  IMP:P=1.000000          
          $VV-out-shell
48    20  8.59691E-02 ( -216 200 -199 221 266 267)                              
          IMP:N=1.000000  IMP:P=1.000000          
          $VV-out-shell
49    20  8.59691E-02 ( 266 -199 267 -209 216 200)                              
          IMP:N=1.000000  IMP:P=1.000000          
          $VV-out-shell
50    20  8.59691E-02 ( 267 -50 266 -37 -44 45) : ( 267 -37 266 -31 -45 38) : (
           267 -31 266 209 32 -38) : ( 267 -206 -45 -50 266 51) : ( -206
           267 266 57 -51)                                                 
          IMP:N=1.000000  IMP:P=1.000000          
          $VV-out-shell
51    20  8.59691E-02 ( 67 266 -62 -56 267 63) : ( 266 71 267 -72 206 68) : (
           266 67 267 71 -63 -68) : ( -63 206 -56 57 267 266)              
          IMP:N=1.000000  IMP:P=1.000000          
          $VV-out-shell
52    20  8.59691E-02 ( 266 267 -72 71 -206 77) : ( 266 71 76 267 84 -77) : (
           150 267 209 -151 266 95) : ( 150 266 84 267 93 -95) : ( 266 76
           267 82 93 -84)                                                  
          IMP:N=1.000000  IMP:P=1.000000          
          $VV-out-shell
53    21  8.7624256-02 ( 266 -3 -26 -20 267 -8 -14 15) : ( 267 -15 -3 266 -183
           216 184) : ( 267 266 -15 -184 9) : ( 267 -184 266 4 -9) : ( -15
           267 -209 266 -32 -26 33) : ( 267 -33 -15 266 21) : ( -33 267 266
           27 -21)                                                         
          IMP:N=1.000000  IMP:P=1.000000          
          $VV-shield
54    21  8.7624256-02 ( 266 -32 -38 267 -208 -45 47) 
           : ( 266 -32 267 209 -47 33)
           : ( 266 -47 267 40 -33) : ( -47 52 267 266 -208)                
          IMP:N=1.000000  IMP:P=1.000000          
          $VV-shield
55    21  8.7624256-02 ( -154 -177 267 266 -161 -167 -171 166) : ( 267 -154 266
           221 -148 -166 160) : ( 267 -160 221 266 147) : ( 266 -160 267
           153 -147) : ( -166 267 -216 -183 266 -177 184) : ( 267 -166 266
           -184 176) : ( 267 -166 266 170 -176)                            
          IMP:N=1.000000  IMP:P=1.000000          
          $VV-shield
56    21  8.7624256-02 ( 223 -148 267 -137 -142 266 136) 
          : ( 223 266 131 267 -136
          ) : ( 267 -136 -221 266 -148 141) : ( 266 147 -221 267 -141)     
          IMP:N=1.000000  IMP:P=1.000000          
          $VV-shield
57    21  8.7624256-02 ( 267 -127 266 103 107 113 -121 116) : ( 267 92 266 -100
           -223 106) : ( 106 -116 -110 266 267) : ( 267 -116 103 266 92
           -106) : ( -116 267 -132 -127 266 -223 -137 131) : ( 267 -131
           -116 266 122) : ( -131 267 266 126 -122)                        
          IMP:N=1.000000  IMP:P=1.000000          
          $VV-shield
58    21  8.7624256-02 ( 267 266 -81 91 30) : ( 267 91 39 266 -221 -30) : ( 39
           267 86 92 223 266 -91)                                          
          IMP:N=1.000000  IMP:P=1.000000          
          $VV-shield
59    21  8.7624256-02 ( -216 199 -198 221 266 267)                              
          IMP:N=1.000000  IMP:P=1.000000          
          $VV-shield
60    21  8.7624256-02 ( 266 -209 267 216 199 -198)                              
          IMP:N=1.000000  IMP:P=1.000000          
          $VV-shield
61    21  8.7624256-02 ( 266 -208 267 -74 78) : ( 267 -208 266 88 -78) : ( 266
           -157 209 267 101) : ( 267 88 209 151 266 -101) : ( 266 -208 95
           84 151 267 77 -88)                                              
          IMP:N=1.000000  IMP:P=1.000000          
          $VV-shield
62    21  8.7624256-02 ( 266 208 267 -74 69) : ( 266 72 267 77 208 65 -69) 
          : ( 65 266 208 -51 267 -57 52) : ( 65 267 59 266 -52)
           : ( 72 -57 266 68 267 -63 -65)                                                    
          IMP:N=1.000000  IMP:P=1.000000          
          $VV-shield
63    0   ( 191 266 -188 267 -205 56) : ( 191 267 62 266 -56)       
          IMP:N=1.000000  IMP:P=1.000000          
          $Void-out
64    0   ( 266 209 -181 188 267 -205 50) : ( 267 -50 209 266 37) : 
          ( 266 -50 267 44 -37) : ( -37 31 209 267 266)                    
          IMP:N=1.000000  IMP:P=1.000000          
          $Void-out
65    0   ( 266 267 -71 67 76) : ( 266 67 195 267 -76) : ( 195 266
           -191 267 -205 -67)                                              
          IMP:N=1.000000  IMP:P=1.000000          
          $Void-out
66    0   ( 267 266 209 -150 93) : ( 266 209 267 82 -93) : ( 267
           -195 209 -205 266 -82)                                          
          IMP:N=1.000000  IMP:P=1.000000          
          $Void-out
67    0   ( 266 267 -209 216 -200)                                  
          IMP:N=1.000000  IMP:P=1.000000          
          $Void-out
68    0   ( 266 216 -181 267 -209 13) : ( 266 -13 -209 267 25) : (
           267 -13 266 19 -25) : ( -25 31 -209 266 267) : ( -13 266 216 267
           2) : ( -13 267 7 266 -2) : ( -2 216 182 267 266)                
          IMP:N=1.000000  IMP:P=1.000000          
          $Void-out
69    0   ( -192 267 266 -108 104) : ( -192 266 226 -225 267 -104)  
          IMP:N=1.000000  IMP:P=1.000000          
          $Void-out
70    0   ( 266 -181 -225 267 115 123) : ( 266 267 -225 -123 128) : 
          ( 267 -225 266 133 -128) : ( -181 266 192 226 267 -115)          
          IMP:N=1.000000  IMP:P=1.000000          
          $Void-out
71    0   ( -221 266 -181 225 267 143) : ( -221 267 149 266 -143) : 
          ( -143 266 225 267 133) : ( -143 267 138 266 -133)               
          IMP:N=1.000000  IMP:P=1.000000          
          $Void-out
72    0   ( -221 266 -42 267 87) : ( 87 -94 267 266 225) : ( -221
           225 267 266 -87)                                                
          IMP:N=1.000000  IMP:P=1.000000          
          $Void-out
73    0   ( -216 221 266 -181 267 168) : ( 266 -168 -216 267 178) : 
          ( -168 266 267 172 -178) : ( -178 182 -216 266 267) : ( 221 -168
           267 266 155) : ( 221 266 149 267 -155) : ( -155 162 267 266 -168
          )                                                                
          IMP:N=1.000000  IMP:P=1.000000          
          $Void-out
74    0   ( 221 -200 267 266 -216)                                  
          IMP:N=1.000000  IMP:P=1.000000          
          $Void-out
75    0   ( 280 75 79 89 102 158 -204 70 -238 -203 266 197)         
          IMP:N=1.000000  IMP:P=1.000000          
          $void-in
76    0   ( -280 -232 276 -204 266 197)                             
          IMP:N=1.000000  IMP:P=1.000000          
          $void-in
77    0   ( -203 -238 230 266 -204 276 -280)                        
          IMP:N=1.000000  IMP:P=1.000000          
          $void-in
78    0   ( -235 204 267 277 -203 227 -281)                         
          IMP:N=1.000000  IMP:P=1.000000          
          $void-in
79    0   ( -229 204 -281 277 197 267)                              
          IMP:N=1.000000  IMP:P=1.000000          
          $void-in
80    0   ( 281 204 70 158 102 75 79 89 -203 -235 197 267)          
          IMP:N=1.000000  IMP:P=1.000000          
          $void-in
81    0   ( 204 212 267 -144 120) : ( 204 228 267 212 96 -120) : (
           96 -235 -83 204 267 -203) : ( 228 -235 204 -203 -277 267 -96)   
          IMP:N=1.000000  IMP:P=1.000000          
          $void-in
82    0   ( 267 204 -229 197 216 -277)                              
          IMP:N=1.000000  IMP:P=1.000000          
          $void-in
83    0   ( -232 197 216 -276 266 -204)                             
          IMP:N=1.000000  IMP:P=1.000000          
          $void-in
84    0   ( -204 266 -203 -83 -238 96) : ( 96 266 -120 -204 144) : (
           96 -204 212 231 266 -144) : ( -203 -204 231 -238 266 -276 -96)  
          IMP:N=1.000000  IMP:P=1.000000          
          $void-in
85    0   ( -85 98 187 -140 266 267 -135)                           
          IMP:N=1.000000  IMP:P=1.000000          
          $void-in
86    0   ( -219 266 267 -46 55) : ( 267 -219 266 61 -55) : ( 267
           -219 266 -193 97 -61 194) : ( -219 267 266 196 220 -194)        
          IMP:N=1.000000  IMP:P=1.000000          
          $void-in
87    0   ( -196 98 267 197 -219 266)                               
          IMP:N=1.000000  IMP:P=1.000000          
          $void-in
88    0   ( -98 197 -130 -135 80 109 -125 99 105 29 90 266 267 -119
           -114)                                                           
          IMP:N=1.000000  IMP:P=1.000000          
          $void-in
89    0   ( -85 266 193 97 -189 267 111) : ( -85 267 112 266 -111)  
          IMP:N=1.000000  IMP:P=1.000000          
          $void-in
90    0   ( -232 197 266 -216 219 -204)                             
          IMP:N=1.000000  IMP:P=1.000000          
          $void-in
91    0   ( -229 197 -216 219 204 267)                              
          IMP:N=1.000000  IMP:P=1.000000          
          $void-in
92    0   ( 219 -268 -237 283 289 266 139) : ( -268 -139 219 266 129
          ) : ( -139 -268 266 134 -129) : ( -129 266 219 -268 118) : ( -129
           -268 124 266 -118) : ( -139 -216 -268 -237 266 156) : ( -139 266
           146 -268 -156) : ( -216 266 -156 -268 164) : ( -216 -268 173 266
           -164)                                                           
          IMP:N=1.000000  IMP:P=1.000000          
          $void-in
93    0   ( -269 219 -234 267 285 291 139) : ( 267 -139 219 -269 124
          ) : ( -269 -139 267 -124 129) : ( 267 -269 -139 134 -129) : (
           -124 118 219 267 -269) : ( -216 -139 -269 -234 267 164) : ( -216
           267 -269 173 -164) : ( -164 -269 267 -139 146) : ( -164 267 156
           -269 -146)                                                      
          IMP:N=1.000000  IMP:P=1.000000          
          $void-in
94    0   ( 268 219 -202 269 287 293 139) : ( 269 -139 219 268 129) 
          : ( 268 -139 269 134 -129) : ( 219 269 -129 268 124) : ( 268 118
           269 219 -124) : ( -139 269 -216 -202 268 156) : ( -139 268 146
           269 -156) : ( 269 -156 -216 268 164) : ( 268 173 -216 269 -164) 
          IMP:N=1.000000  IMP:P=1.000000          
          $void-in
95    0   ( -185 -268 -216 266 236 290) : ( -268 -185 -159 -175 -169
           -165 219 266 -290)                                              
          IMP:N=1.000000  IMP:P=1.000000          
          $void-in
96    0   ( -185 267 233 -269 -216 292) : ( -185 -269 -175 219 -159
           -169 -165 267 -292)                                             
          IMP:N=1.000000  IMP:P=1.000000          
          $void-in
97    0   ( -185 269 -216 201 268 294) : ( -185 268 219 -159 -169
           -175 -165 269 -294)                                             
          IMP:N=1.000000  IMP:P=1.000000          
          $void-in
98    0   ( -186 267 190 -269 -248 -260 58) : ( 267 -186 -269 54 -58
          ) : ( -58 64 -269 190 267)                                       
          IMP:N=1.000000  IMP:P=1.000000          
          $void-in
99    0   ( 266 -186 -262 -268 -250 190 64) : ( 266 -186 -268 -64 58
          ) : ( 266 -268 -186 54 -58)                                      
          IMP:N=1.000000  IMP:P=1.000000          
          $void-in
100   0   ( 266 -268 73 -190 83) : ( 266 -190 -268 -262 238 -83)    
          IMP:N=1.000000  IMP:P=1.000000          
          $void-in
101   0   ( 190 268 -186 -258 269 -246 58) : ( 190 269 64 268 -58) :
           ( -58 54 -186 268 269)                                          
          IMP:N=1.000000  IMP:P=1.000000          
          $void-in
102   0   ( 269 -190 203 -258 268 73) : ( 268 -83 203 269 -73)      
          IMP:N=1.000000  IMP:P=1.000000          
          $void-in
103   0   ( 267 -190 -269 73 83) : ( -269 -190 235 267 -260 -83)    
          IMP:N=1.000000  IMP:P=1.000000          
          $void-in
104   0   ( 266 216 -244 -268 -237 1) : ( -268 216 266 -1 179) : (
           266 -268 216 173 -179) : ( -1 -268 -214 -244 266 24) : ( -268 -1
           266 -24 18) : ( -268 -1 266 11 -18)                             
          IMP:N=1.000000  IMP:P=1.000000          
          $void-in
105   0   ( 266 214 -250 186 -268 -244 43) : ( -268 214 266 36 -43) 
          : ( -43 266 49 186 -268)                                         
          IMP:N=1.000000  IMP:P=1.000000          
          $void-in
106   0   ( 268 -202 -240 269 -214 11) : ( 268 -214 269 -11 18) : (
           269 268 -214 24 -18) : ( 268 216 -11 -202 269 179) : ( -11 269 1
           268 -179) : ( -179 173 216 269 268)                             
          IMP:N=1.000000  IMP:P=1.000000          
          $void-in
107   0   ( 269 186 -246 268 214 -240 49) : ( 269 214 268 -49 43) : 
          ( 269 214 268 36 -43)                                            
          IMP:N=1.000000  IMP:P=1.000000          
          $void-in
108   0   ( -214 -234 -269 -242 267 11) : ( -269 -11 -214 267 24) : 
          ( -11 -269 267 18 -24) : ( -11 -269 216 267 -234 173) : ( -269
           -11 267 -173 179) : ( -269 -11 267 1 -179)                      
          IMP:N=1.000000  IMP:P=1.000000          
          $void-in
109   0   ( -269 214 -248 267 186 -242 49) : ( -269 214 267 -49 43) 
          : ( -269 267 36 214 -43)                                         
          IMP:N=1.000000  IMP:P=1.000000          
          $void-in
110   0   ( 216 -204 -6 266 180) : ( 180 -204 -174 266 163) : ( 180
           266 -204 -212 -163) : ( 216 -212 266 231 -204 -180)             
          IMP:N=1.000000  IMP:P=1.000000          
          $void-in
111   0   ( 267 174 204 -180 6) : ( 204 174 216 267 -6) : ( 174 -163
           -212 267 204) : ( 216 204 -212 228 267 -174)                    
          IMP:N=1.000000  IMP:P=1.000000          
          $void-in
112   0   ( 266 -218 -204 -23 35) : ( -204 -218 266 46 -35) : ( -218
           -204 219 266 231 -46)                                           
          IMP:N=1.000000  IMP:P=1.000000          
          $void-in
113   0   ( 6 266 -204 -12 17) : ( 266 6 218 -204 -17) : ( 218 266
           231 -216 -204 -6)                                               
          IMP:N=1.000000  IMP:P=1.000000          
          $void-in
114   0   ( 204 267 -218 -23 35) : ( 204 -218 267 46 -35) : ( 204
           -218 228 267 219 -46)                                           
          IMP:N=1.000000  IMP:P=1.000000          
          $void-in
115   0   ( 267 -216 204 -6 12) : ( 12 218 -17 204 267) : ( 267 218
           204 -216 228 -12)                                               
          IMP:N=1.000000  IMP:P=1.000000          
          $void-in
116   0   ( -22 266 216 -268 -16 -10 -5 -185 236) : ( 266 -22 -268
           -28 -211 -236 243) : ( 266 -211 -268 249 -243)                  
          IMP:N=1.000000  IMP:P=1.000000          
          $void-in
117   0   ( -268 211 -34 -41 -48 -53 -60 266 249) : ( 266 238 -60
           -268 261 70 66 -249)                                            
          IMP:N=1.000000  IMP:P=1.000000          
          $void-in
118   0   ( -22 -269 216 267 -16 -10 -5 -185 233) : ( -269 -233 -22
           267 -28 -211 247) : ( -269 267 241 -233 -247)                   
          IMP:N=1.000000  IMP:P=1.000000          
          $void-in
119   0   ( -60 -269 267 -48 -41 -34 211 -53 247) : ( -60 267 235
           259 70 -269 66 -247)                                            
          IMP:N=1.000000  IMP:P=1.000000          
          $void-in
120   0   ( 268 269 -5 -10 -16 -22 -185 216 201) : ( 268 -201 -22
           269 -28 -211 245) : ( 268 269 239 -201 -245)                    
          IMP:N=1.000000  IMP:P=1.000000          
          $void-in
121   0   ( 268 269 -34 -41 -48 -53 -60 211 245) : ( 268 -60 70 269
           66 257 203 -245)                                                
          IMP:N=1.000000  IMP:P=1.000000          
          $void-in
122   0   ( 266 -290 -219 -268 284) : ( -268 -140 -219 -159 266 253
           -145 -152 -284)                                                 
          IMP:N=1.000000  IMP:P=1.000000          
          $void-in
123   0   ( 251 268 269 -288 294) : ( 251 269 -140 -145 -152 -159
           -219 268 -294)                                                  
          IMP:N=1.000000  IMP:P=1.000000          
          $void-in
124   0   ( -268 -219 283 266 253 112) : ( -268 -219 266 -112 117) :
           ( -268 266 118 -219 -117)                                       
          IMP:N=1.000000  IMP:P=1.000000          
          $void-in
125   0   ( 112 266 -268 -140 -253 85)                              
          IMP:N=1.000000  IMP:P=1.000000          
          $void-in
126   0   ( -219 268 269 287 251 117) : ( 268 -219 269 118 -117) : (
           -117 251 269 112 268)                                           
          IMP:N=1.000000  IMP:P=1.000000          
          $void-in
127   0   ( 112 85 -140 268 269 -251)                               
          IMP:N=1.000000  IMP:P=1.000000          
          $void-in
128   0   ( -269 267 285 -219 252 112) : ( -269 -219 267 -112 117) :
           ( 267 -269 -219 118 -117)                                       
          IMP:N=1.000000  IMP:P=1.000000          
          $void-in
129   0   ( 112 -252 -269 85 -140 267)                              
          IMP:N=1.000000  IMP:P=1.000000          
          $void-in
130   0   ( 267 252 -269 -286 292) : ( 252 267 -159 -152 -219 -269
           -145 -140 -292)                                                 
          IMP:N=1.000000  IMP:P=1.000000          
          $void-in
1000   0  #(-181 226 266 267 -205)
          IMP:N=0.0  IMP:P=0.0
CELL END

SURFACE CARD START                                       
227      P    0.995184726672205  0.098017140329480  0.0  586.231017400184560
230      P    0.995184726672197  -0.098017140329561  0.0 
         586.231017400000160                                         
SURFACE CARD END