CELL START
1     0   ( 180 6 12 17 23 35 46 55 61 -111 -112 -117 -118 -124 -129
           -134 -139 -146 -156 -164 -173 -179 -1 -11 -18 -24 -36 -43 -49
           -54 -58 -64 -73 83 120 96 144 174 163 266 267)                  
          IMP:N=1.000000  IMP:P=1.000000          
          $plasma
2     12  -2.74427 ( 266 232 -231 -213 215 -204)                             
          IMP:N=1.000000  IMP:P=1.000000          
          $in-blk9-L
3     12  -2.74427 ( 266 232 -231 -204 219 -217)                             
          IMP:N=1.000000  IMP:P=1.000000          
          $in-blk11-L
4     12  -2.74427 ( -215 217 -231 -204 232 266)                             
          IMP:N=1.000000  IMP:P=1.000000          
          $in-blk10-L
5     12  -2.74427 ( -280 -204 266 210 -230 276)                             
          IMP:N=1.000000  IMP:P=1.000000          
          $in-blk7-L
6     12  -2.74427 ( -210 213 -204 232 -231 266)                             
          IMP:N=1.000000  IMP:P=1.000000          
          $in-blk8-L
7     12  -2.74427 ( 277 -281 -227 267 204 210)                              
          IMP:N=1.000000  IMP:P=1.000000          
          $in-blk7-R
8     12  -2.74427 ( 215 -228 -213 204 267 229)                              
          IMP:N=1.000000  IMP:P=1.000000          
          $in-blk9-R
9     12  -2.74427 ( 219 -228 -217 204 267 229)                              
          IMP:N=1.000000  IMP:P=1.000000          
          $in-blk11-R
10    12  -2.74427 ( 217 -228 -215 204 267 229)                              
          IMP:N=1.000000  IMP:P=1.000000          
          $in-blk10-R
11    12  -2.74427 ( -210 213 204 267 229 -228)                              
          IMP:N=1.000000  IMP:P=1.000000          
          $in-blk8-R
12    12  -2.74427 ( 235 260 279 -259 -269 267)                              
          IMP:N=1.000000  IMP:P=1.000000          
          $out-BLK6-L
13    12  -2.74427 ( 274 -279 248 -269 267 -247)                             
          IMP:N=1.000000  IMP:P=1.000000          
          $out-BLK5-L
14    12  -2.74427 ( 271 -274 242 -269 267 -241)                             
          IMP:N=1.000000  IMP:P=1.000000          
          $out-BLK4-L
15    12  -2.74427 ( 264 -271 234 -269 267 -233)                             
          IMP:N=1.000000  IMP:P=1.000000          
          $out-BLK3-L
16    12  -2.74427 ( -291 292 -264 255 -269 267)                             
          IMP:N=1.000000  IMP:P=1.000000          
          $out-BLK2-L
17    12  -2.74427 ( -285 252 267 -269 286 -255)                             
          IMP:N=1.000000  IMP:P=1.000000          
          $out-BLK1-L
18    12  -2.74427 ( 282 203 268 269 -257 258)                               
          IMP:N=1.000000  IMP:P=1.000000          
          $Out-BLK6-M
19    12  -2.74427 ( 275 269 -282 246 -245 268)                              
          IMP:N=1.000000  IMP:P=1.000000          
          $Out-BLK5-M
20    12  -2.74427 ( -239 240 -275 272 269 268)                              
          IMP:N=1.000000  IMP:P=1.000000          
          $Out-BLK4-M
21    12  -2.74427 ( 263 269 -272 202 -201 268)                              
          IMP:N=1.000000  IMP:P=1.000000          
          $Out-BLK3-M
22    12  -2.74427 ( 294 -293 -263 254 269 268)                              
          IMP:N=1.000000  IMP:P=1.000000          
          $Out-BLK2-M
23    12  -2.74427 ( 269 268 -287 288 251 -254)                              
          IMP:N=1.000000  IMP:P=1.000000          
          $Out-BLK1-M
24    12  -2.74427 ( -268 262 238 266 -261 278)                              
          IMP:N=1.000000  IMP:P=1.000000          
          $Out-BLK6-R
25    12  -2.74427 ( 266 -268 273 -278 -249 250)                             
          IMP:N=1.000000  IMP:P=1.000000          
          $Out-BLK5-R
26    12  -2.74427 ( 256 266 -265 -289 290 -268)                             
          IMP:N=1.000000  IMP:P=1.000000          
          $Out-BLK2-R
27    12  -2.74427 ( 270 266 -273 244 -243 -268)                             
          IMP:N=1.000000  IMP:P=1.000000          
          $Out-BLK4-R
28    12  -2.74427 ( 237 -268 -236 265 -270 266)                             
          IMP:N=1.000000  IMP:P=1.000000          
          $Out-BLK3-R
29    12  -2.74427 ( -256 284 266 -268 253 -283)                             
          IMP:N=1.000000  IMP:P=1.000000          
          $Out-BLK1-R
30    21  8.7624256-02 ( 194 98 -97 -187 267 266)                                
          IMP:N=1.000000  IMP:P=1.000000          
          $Div
31    21  8.7624256-02 ( -85 189 -187 97 267 266)                                
          IMP:N=1.000000  IMP:P=1.000000          
          $Div
32    21  8.7624256-02 ( 98 196 -194 267 -220 266)                               
          IMP:N=1.000000  IMP:P=1.000000          
          $Div
33    20  8.59691E-02 ( -216 198 -197 221 266 267)                              
          IMP:N=1.000000  IMP:P=1.000000          
          $VV-in-shell
34    20  8.59691E-02 ( 30 266 -221 -29 267 80) : ( 80 222 -90 267 266 91) : (
           30 91 267 81 266 -80)                                           
          IMP:N=1.000000  IMP:P=1.000000          
          $VV-in-shell
35    20  8.59691E-02 ( 267 -122 266 110 -116 114) : ( 266 -114 -122 267 -131
           -126 125) : ( 266 -131 267 -222 130 -125) : ( -125 -114 119 267
           266) : ( -114 267 -109 266 105) : ( 105 -99 91 -222 266 267 100)
           : ( -114 100 266 110 106 267 -105)                              
          IMP:N=1.000000  IMP:P=1.000000          
          $VV-in-shell
36    20  8.59691E-02 ( -141 266 -136 -131 222 267 135) : ( 266 -141 267 -221
           -147 145) : ( 266 -141 267 140 -135 -145) : ( -135 222 130 267
           266)                                                            
          IMP:N=1.000000  IMP:P=1.000000          
          $VV-in-shell
37    20  8.59691E-02 ( -160 -170 267 -166 266 165) : ( 267 -165 -160 266 -147
           -153 221 152) : ( 267 221 266 145 -152) : ( -152 -165 159 266
           267) : ( 266 -216 -176 -184 267 185) : ( 266 267 -165 -176 -170
           -185 169) : ( 266 -185 267 175 -169)                            
          IMP:N=1.000000  IMP:P=1.000000          
          $VV-in-shell
38    20  8.59691E-02 ( 266 -9 -21 267 -15 16) : ( 267 -4 266 -184 216 185) : (
           267 -16 -9 266 -4 -185 5) : ( 267 266 10 -16 -5) : ( -27 267
           -209 266 -33 34) : ( 267 -34 -27 -16 266 -21 22) : ( 266 -34 267
           28 -22)                                                         
          IMP:N=1.000000  IMP:P=1.000000          
          $VV-in-shell
39    20  8.59691E-02 ( 267 -52 266 -40 -47 48) : ( 266 267 -40 209 -33 34) : (
           267 -40 266 41 -48 -34) : ( 267 -207 -48 -52 266 53) : ( -207
           267 266 60 -53)                                                 
          IMP:N=1.000000  IMP:P=1.000000          
          $VV-in-shell
40    20  8.59691E-02 ( 266 -197 267 -209 216 198)                              
          IMP:N=1.000000  IMP:P=1.000000          
          $VV-in-shell
41    20  8.59691E-02 ( 266 157 267 -158 209 102) : ( 102 79 -89 267 88 266) : (
           267 157 266 88 101 -102) : ( 266 79 74 267 -75 70) : ( 267 -207
           74 69 266 -70) : ( 88 74 266 267 78 -79)                        
          IMP:N=1.000000  IMP:P=1.000000          
          $VV-in-shell
42    20  8.59691E-02 ( 69 267 207 -70 266 66) : ( 66 207 60 266 267 -59) : ( 69
           -59 266 65 267 -66)                                             
          IMP:N=1.000000  IMP:P=1.000000          
          $VV-in-shell
43    20  8.59691E-02 ( 266 -7 -19 267 -13 14) : ( 266 -182 267 -7 -2 3) : ( 267
           -182 266 183 216 -3) : ( -3 -14 8 266 -7 267) : ( -209 -19 266
           -31 -25 267 26) : ( -209 267 32 266 -26) : ( -26 20 -14 266 267
           -19)                                                            
          IMP:N=1.000000  IMP:P=1.000000          
          $VV-out-shell
44    20  8.59691E-02 ( -162 -172 267 -168 266 167) : ( 221 267 -162 266 -149
           -155 154) : ( 267 221 266 148 -154) : ( -154 -167 161 266 -162
           267) : ( -172 -182 267 -178 266 177) : ( -172 266 -167 171 267
           -177) : ( -177 183 -216 267 266 -182)                           
          IMP:N=1.000000  IMP:P=1.000000          
          $VV-out-shell
45    20  8.59691E-02 ( -143 266 -138 -133 267 137) : ( 266 -143 267 -149 -137
           142) : ( 266 -149 267 -221 148 -142) : ( -137 224 -133 132 267
           266)                                                            
          IMP:N=1.000000  IMP:P=1.000000          
          $VV-out-shell
46    20  8.59691E-02 ( 267 -224 266 -123 -133 -128 127) : ( 266 -224 267 132
           -127) : ( -127 113 121 267 -123 266) : ( 266 113 108 267 -107
           103) : ( 267 -224 108 94 104 266 -103) : ( 267 -123 266 108 115
           -113)                                                           
          IMP:N=1.000000  IMP:P=1.000000          
          $VV-out-shell
47    20  8.59691E-02 ( 42 266 -221 -39 267 86) : ( 86 224 -92 267 266 94) : (
           42 94 267 87 266 -86)                                           
          IMP:N=1.000000  IMP:P=1.000000          
          $VV-out-shell
48    20  8.59691E-02 ( -216 200 -199 221 266 267)                              
          IMP:N=1.000000  IMP:P=1.000000          
          $VV-out-shell
49    20  8.59691E-02 ( 266 -199 267 -209 216 200)                              
          IMP:N=1.000000  IMP:P=1.000000          
          $VV-out-shell
50    20  8.59691E-02 ( 267 -50 266 -37 -44 45) : ( 267 -37 266 -31 -45 38) : (
           267 -31 266 209 32 -38) : ( 267 -206 -45 -50 266 51) : ( -206
           267 266 57 -51)                                                 
          IMP:N=1.000000  IMP:P=1.000000          
          $VV-out-shell
51    20  8.59691E-02 ( 67 266 -62 -56 267 63) : ( 266 71 267 -72 206 68) : (
           266 67 267 71 -63 -68) : ( -63 206 -56 57 267 266)              
          IMP:N=1.000000  IMP:P=1.000000          
          $VV-out-shell
52    20  8.59691E-02 ( 266 267 -72 71 -206 77) : ( 266 71 76 267 84 -77) : (
           150 267 209 -151 266 95) : ( 150 266 84 267 93 -95) : ( 266 76
           267 82 93 -84)                                                  
          IMP:N=1.000000  IMP:P=1.000000          
          $VV-out-shell
53    21  8.7624256-02 ( 266 -3 -26 -20 267 -8 -14 15) : ( 267 -15 -3 266 -183
           216 184) : ( 267 266 -15 -184 9) : ( 267 -184 266 4 -9) : ( -15
           267 -209 266 -32 -26 33) : ( 267 -33 -15 266 21) : ( -33 267 266
           27 -21)                                                         
          IMP:N=1.000000  IMP:P=1.000000          
          $VV-shield
54    21  8.7624256-02 ( 266 -32 -38 267 -208 -45 47) 
           : ( 266 -32 267 209 -47 33)
           : ( 266 -47 267 40 -33) : ( -47 52 267 266 -208)                
          IMP:N=1.000000  IMP:P=1.000000          
          $VV-shield
55    21  8.7624256-02 ( -154 -177 267 266 -161 -167 -171 166) : ( 267 -154 266
           221 -148 -166 160) : ( 267 -160 221 266 147) : ( 266 -160 267
           153 -147) : ( -166 267 -216 -183 266 -177 184) : ( 267 -166 266
           -184 176) : ( 267 -166 266 170 -176)                            
          IMP:N=1.000000  IMP:P=1.000000          
          $VV-shield
56    21  8.7624256-02 ( 223 -148 267 -137 -142 266 136) 
          : ( 223 266 131 267 -136
          ) : ( 267 -136 -221 266 -148 141) : ( 266 147 -221 267 -141)     
          IMP:N=1.000000  IMP:P=1.000000          
          $VV-shield
57    21  8.7624256-02 ( 267 -127 266 103 107 113 -121 116) : ( 267 92 266 -100
           -223 106) : ( 106 -116 -110 266 267) : ( 267 -116 103 266 92
           -106) : ( -116 267 -132 -127 266 -223 -137 131) : ( 267 -131
           -116 266 122) : ( -131 267 266 126 -122)                        
          IMP:N=1.000000  IMP:P=1.000000          
          $VV-shield
58    21  8.7624256-02 ( 267 266 -81 91 30) : ( 267 91 39 266 -221 -30) : ( 39
           267 86 92 223 266 -91)                                          
          IMP:N=1.000000  IMP:P=1.000000          
          $VV-shield
59    21  8.7624256-02 ( -216 199 -198 221 266 267)                              
          IMP:N=1.000000  IMP:P=1.000000          
          $VV-shield
60    21  8.7624256-02 ( 266 -209 267 216 199 -198)                              
          IMP:N=1.000000  IMP:P=1.000000          
          $VV-shield
61    21  8.7624256-02 ( 266 -208 267 -74 78) : ( 267 -208 266 88 -78) : ( 266
           -157 209 267 101) : ( 267 88 209 151 266 -101) : ( 266 -208 95
           84 151 267 77 -88)                                              
          IMP:N=1.000000  IMP:P=1.000000          
          $VV-shield
62    21  8.7624256-02 ( 266 208 267 -74 69) : ( 266 72 267 77 208 65 -69) 
          : ( 65 266 208 -51 267 -57 52) : ( 65 267 59 266 -52)
           : ( 72 -57 266 68 267 -63 -65)                                                    
          IMP:N=1.000000  IMP:P=1.000000          
          $VV-shield
63    0   ( 191 266 -188 267 -205 56) : ( 191 267 62 266 -56)       
          IMP:N=1.000000  IMP:P=1.000000          
          $Void-out
64    0   ( 266 209 -181 188 267 -205 50) : ( 267 -50 209 266 37) : 
          ( 266 -50 267 44 -37) : ( -37 31 209 267 266)                    
          IMP:N=1.000000  IMP:P=1.000000          
          $Void-out
65    0   ( 266 267 -71 67 76) : ( 266 67 195 267 -76) : ( 195 266
           -191 267 -205 -67)                                              
          IMP:N=1.000000  IMP:P=1.000000          
          $Void-out
66    0   ( 267 266 209 -150 93) : ( 266 209 267 82 -93) : ( 267
           -195 209 -205 266 -82)                                          
          IMP:N=1.000000  IMP:P=1.000000          
          $Void-out
67    0   ( 266 267 -209 216 -200)                                  
          IMP:N=1.000000  IMP:P=1.000000          
          $Void-out
68    0   ( 266 216 -181 267 -209 13) : ( 266 -13 -209 267 25) : (
           267 -13 266 19 -25) : ( -25 31 -209 266 267) : ( -13 266 216 267
           2) : ( -13 267 7 266 -2) : ( -2 216 182 267 266)                
          IMP:N=1.000000  IMP:P=1.000000          
          $Void-out
69    0   ( -192 267 266 -108 104) : ( -192 266 226 -225 267 -104)  
          IMP:N=1.000000  IMP:P=1.000000          
          $Void-out
70    0   ( 266 -181 -225 267 115 123) : ( 266 267 -225 -123 128) : 
          ( 267 -225 266 133 -128) : ( -181 266 192 226 267 -115)          
          IMP:N=1.000000  IMP:P=1.000000          
          $Void-out
71    0   ( -221 266 -181 225 267 143) : ( -221 267 149 266 -143) : 
          ( -143 266 225 267 133) : ( -143 267 138 266 -133)               
          IMP:N=1.000000  IMP:P=1.000000          
          $Void-out
72    0   ( -221 266 -42 267 87) : ( 87 -94 267 266 225) : ( -221
           225 267 266 -87)                                                
          IMP:N=1.000000  IMP:P=1.000000          
          $Void-out
73    0   ( -216 221 266 -181 267 168) : ( 266 -168 -216 267 178) : 
          ( -168 266 267 172 -178) : ( -178 182 -216 266 267) : ( 221 -168
           267 266 155) : ( 221 266 149 267 -155) : ( -155 162 267 266 -168
          )                                                                
          IMP:N=1.000000  IMP:P=1.000000          
          $Void-out
74    0   ( 221 -200 267 266 -216)                                  
          IMP:N=1.000000  IMP:P=1.000000          
          $Void-out
75    0   ( 280 75 79 89 102 158 -204 70 -238 -203 266 197)         
          IMP:N=1.000000  IMP:P=1.000000          
          $void-in
76    0   ( -280 -232 276 -204 266 197)                             
          IMP:N=1.000000  IMP:P=1.000000          
          $void-in
77    0   ( -203 -238 230 266 -204 276 -280)                        
          IMP:N=1.000000  IMP:P=1.000000          
          $void-in
78    0   ( -235 204 267 277 -203 227 -281)                         
          IMP:N=1.000000  IMP:P=1.000000          
          $void-in
79    0   ( -229 204 -281 277 197 267)                              
          IMP:N=1.000000  IMP:P=1.000000          
          $void-in
80    0   ( 281 204 70 158 102 75 79 89 -203 -235 197 267)          
          IMP:N=1.000000  IMP:P=1.000000          
          $void-in
81    0   ( 204 212 267 -144 120) : ( 204 228 267 212 96 -120) : (
           96 -235 -83 204 267 -203) : ( 228 -235 204 -203 -277 267 -96)   
          IMP:N=1.000000  IMP:P=1.000000          
          $void-in
82    0   ( 267 204 -229 197 216 -277)                              
          IMP:N=1.000000  IMP:P=1.000000          
          $void-in
83    0   ( -232 197 216 -276 266 -204)                             
          IMP:N=1.000000  IMP:P=1.000000          
          $void-in
84    0   ( -204 266 -203 -83 -238 96) : ( 96 266 -120 -204 144) : (
           96 -204 212 231 266 -144) : ( -203 -204 231 -238 266 -276 -96)  
          IMP:N=1.000000  IMP:P=1.000000          
          $void-in
85    0   ( -85 98 187 -140 266 267 -135)                           
          IMP:N=1.000000  IMP:P=1.000000          
          $void-in
86    0   ( -219 266 267 -46 55) : ( 267 -219 266 61 -55) : ( 267
           -219 266 -193 97 -61 194) : ( -219 267 266 196 220 -194)        
          IMP:N=1.000000  IMP:P=1.000000          
          $void-in
87    0   ( -196 98 267 197 -219 266)                               
          IMP:N=1.000000  IMP:P=1.000000          
          $void-in
88    0   ( -98 197 -130 -135 80 109 -125 99 105 29 90 266 267 -119
           -114)                                                           
          IMP:N=1.000000  IMP:P=1.000000          
          $void-in
89    0   ( -85 266 193 97 -189 267 111) : ( -85 267 112 266 -111)  
          IMP:N=1.000000  IMP:P=1.000000          
          $void-in
90    0   ( -232 197 266 -216 219 -204)                             
          IMP:N=1.000000  IMP:P=1.000000          
          $void-in
91    0   ( -229 197 -216 219 204 267)                              
          IMP:N=1.000000  IMP:P=1.000000          
          $void-in
92    0   ( 219 -268 -237 283 289 266 139) : ( -268 -139 219 266 129
          ) : ( -139 -268 266 134 -129) : ( -129 266 219 -268 118) : ( -129
           -268 124 266 -118) : ( -139 -216 -268 -237 266 156) : ( -139 266
           146 -268 -156) : ( -216 266 -156 -268 164) : ( -216 -268 173 266
           -164)                                                           
          IMP:N=1.000000  IMP:P=1.000000          
          $void-in
93    0   ( -269 219 -234 267 285 291 139) : ( 267 -139 219 -269 124
          ) : ( -269 -139 267 -124 129) : ( 267 -269 -139 134 -129) : (
           -124 118 219 267 -269) : ( -216 -139 -269 -234 267 164) : ( -216
           267 -269 173 -164) : ( -164 -269 267 -139 146) : ( -164 267 156
           -269 -146)                                                      
          IMP:N=1.000000  IMP:P=1.000000          
          $void-in
94    0   ( 268 219 -202 269 287 293 139) : ( 269 -139 219 268 129) 
          : ( 268 -139 269 134 -129) : ( 219 269 -129 268 124) : ( 268 118
           269 219 -124) : ( -139 269 -216 -202 268 156) : ( -139 268 146
           269 -156) : ( 269 -156 -216 268 164) : ( 268 173 -216 269 -164) 
          IMP:N=1.000000  IMP:P=1.000000          
          $void-in
95    0   ( -185 -268 -216 266 236 290) : ( -268 -185 -159 -175 -169
           -165 219 266 -290)                                              
          IMP:N=1.000000  IMP:P=1.000000          
          $void-in
96    0   ( -185 267 233 -269 -216 292) : ( -185 -269 -175 219 -159
           -169 -165 267 -292)                                             
          IMP:N=1.000000  IMP:P=1.000000          
          $void-in
97    0   ( -185 269 -216 201 268 294) : ( -185 268 219 -159 -169
           -175 -165 269 -294)                                             
          IMP:N=1.000000  IMP:P=1.000000          
          $void-in
98    0   ( -186 267 190 -269 -248 -260 58) : ( 267 -186 -269 54 -58
          ) : ( -58 64 -269 190 267)                                       
          IMP:N=1.000000  IMP:P=1.000000          
          $void-in
99    0   ( 266 -186 -262 -268 -250 190 64) : ( 266 -186 -268 -64 58
          ) : ( 266 -268 -186 54 -58)                                      
          IMP:N=1.000000  IMP:P=1.000000          
          $void-in
100   0   ( 266 -268 73 -190 83) : ( 266 -190 -268 -262 238 -83)    
          IMP:N=1.000000  IMP:P=1.000000          
          $void-in
101   0   ( 190 268 -186 -258 269 -246 58) : ( 190 269 64 268 -58) :
           ( -58 54 -186 268 269)                                          
          IMP:N=1.000000  IMP:P=1.000000          
          $void-in
102   0   ( 269 -190 203 -258 268 73) : ( 268 -83 203 269 -73)      
          IMP:N=1.000000  IMP:P=1.000000          
          $void-in
103   0   ( 267 -190 -269 73 83) : ( -269 -190 235 267 -260 -83)    
          IMP:N=1.000000  IMP:P=1.000000          
          $void-in
104   0   ( 266 216 -244 -268 -237 1) : ( -268 216 266 -1 179) : (
           266 -268 216 173 -179) : ( -1 -268 -214 -244 266 24) : ( -268 -1
           266 -24 18) : ( -268 -1 266 11 -18)                             
          IMP:N=1.000000  IMP:P=1.000000          
          $void-in
105   0   ( 266 214 -250 186 -268 -244 43) : ( -268 214 266 36 -43) 
          : ( -43 266 49 186 -268)                                         
          IMP:N=1.000000  IMP:P=1.000000          
          $void-in
106   0   ( 268 -202 -240 269 -214 11) : ( 268 -214 269 -11 18) : (
           269 268 -214 24 -18) : ( 268 216 -11 -202 269 179) : ( -11 269 1
           268 -179) : ( -179 173 216 269 268)                             
          IMP:N=1.000000  IMP:P=1.000000          
          $void-in
107   0   ( 269 186 -246 268 214 -240 49) : ( 269 214 268 -49 43) : 
          ( 269 214 268 36 -43)                                            
          IMP:N=1.000000  IMP:P=1.000000          
          $void-in
108   0   ( -214 -234 -269 -242 267 11) : ( -269 -11 -214 267 24) : 
          ( -11 -269 267 18 -24) : ( -11 -269 216 267 -234 173) : ( -269
           -11 267 -173 179) : ( -269 -11 267 1 -179)                      
          IMP:N=1.000000  IMP:P=1.000000          
          $void-in
109   0   ( -269 214 -248 267 186 -242 49) : ( -269 214 267 -49 43) 
          : ( -269 267 36 214 -43)                                         
          IMP:N=1.000000  IMP:P=1.000000          
          $void-in
110   0   ( 216 -204 -6 266 180) : ( 180 -204 -174 266 163) : ( 180
           266 -204 -212 -163) : ( 216 -212 266 231 -204 -180)             
          IMP:N=1.000000  IMP:P=1.000000          
          $void-in
111   0   ( 267 174 204 -180 6) : ( 204 174 216 267 -6) : ( 174 -163
           -212 267 204) : ( 216 204 -212 228 267 -174)                    
          IMP:N=1.000000  IMP:P=1.000000          
          $void-in
112   0   ( 266 -218 -204 -23 35) : ( -204 -218 266 46 -35) : ( -218
           -204 219 266 231 -46)                                           
          IMP:N=1.000000  IMP:P=1.000000          
          $void-in
113   0   ( 6 266 -204 -12 17) : ( 266 6 218 -204 -17) : ( 218 266
           231 -216 -204 -6)                                               
          IMP:N=1.000000  IMP:P=1.000000          
          $void-in
114   0   ( 204 267 -218 -23 35) : ( 204 -218 267 46 -35) : ( 204
           -218 228 267 219 -46)                                           
          IMP:N=1.000000  IMP:P=1.000000          
          $void-in
115   0   ( 267 -216 204 -6 12) : ( 12 218 -17 204 267) : ( 267 218
           204 -216 228 -12)                                               
          IMP:N=1.000000  IMP:P=1.000000          
          $void-in
116   0   ( -22 266 216 -268 -16 -10 -5 -185 236) : ( 266 -22 -268
           -28 -211 -236 243) : ( 266 -211 -268 249 -243)                  
          IMP:N=1.000000  IMP:P=1.000000          
          $void-in
117   0   ( -268 211 -34 -41 -48 -53 -60 266 249) : ( 266 238 -60
           -268 261 70 66 -249)                                            
          IMP:N=1.000000  IMP:P=1.000000          
          $void-in
118   0   ( -22 -269 216 267 -16 -10 -5 -185 233) : ( -269 -233 -22
           267 -28 -211 247) : ( -269 267 241 -233 -247)                   
          IMP:N=1.000000  IMP:P=1.000000          
          $void-in
119   0   ( -60 -269 267 -48 -41 -34 211 -53 247) : ( -60 267 235
           259 70 -269 66 -247)                                            
          IMP:N=1.000000  IMP:P=1.000000          
          $void-in
120   0   ( 268 269 -5 -10 -16 -22 -185 216 201) : ( 268 -201 -22
           269 -28 -211 245) : ( 268 269 239 -201 -245)                    
          IMP:N=1.000000  IMP:P=1.000000          
          $void-in
121   0   ( 268 269 -34 -41 -48 -53 -60 211 245) : ( 268 -60 70 269
           66 257 203 -245)                                                
          IMP:N=1.000000  IMP:P=1.000000          
          $void-in
122   0   ( 266 -290 -219 -268 284) : ( -268 -140 -219 -159 266 253
           -145 -152 -284)                                                 
          IMP:N=1.000000  IMP:P=1.000000          
          $void-in
123   0   ( 251 268 269 -288 294) : ( 251 269 -140 -145 -152 -159
           -219 268 -294)                                                  
          IMP:N=1.000000  IMP:P=1.000000          
          $void-in
124   0   ( -268 -219 283 266 253 112) : ( -268 -219 266 -112 117) :
           ( -268 266 118 -219 -117)                                       
          IMP:N=1.000000  IMP:P=1.000000          
          $void-in
125   0   ( 112 266 -268 -140 -253 85)                              
          IMP:N=1.000000  IMP:P=1.000000          
          $void-in
126   0   ( -219 268 269 287 251 117) : ( 268 -219 269 118 -117) : (
           -117 251 269 112 268)                                           
          IMP:N=1.000000  IMP:P=1.000000          
          $void-in
127   0   ( 112 85 -140 268 269 -251)                               
          IMP:N=1.000000  IMP:P=1.000000          
          $void-in
128   0   ( -269 267 285 -219 252 112) : ( -269 -219 267 -112 117) :
           ( 267 -269 -219 118 -117)                                       
          IMP:N=1.000000  IMP:P=1.000000          
          $void-in
129   0   ( 112 -252 -269 85 -140 267)                              
          IMP:N=1.000000  IMP:P=1.000000          
          $void-in
130   0   ( 267 252 -269 -286 292) : ( 252 267 -159 -152 -219 -269
           -145 -140 -292)                                                 
          IMP:N=1.000000  IMP:P=1.000000          
          $void-in
1000   0  #(-181 226 266 267 -205)
          IMP:N=0.0  IMP:P=0.0
CELL END

SURFACE CARD START
1        KZ   12267.024319276168000  0.005939287576972  -1                  
2        KZ   11585.823631767375000  0.010404988545689  -1                  
3        KZ   11536.615631202922000  0.010404988544447  -1                  
4        KZ   11264.580550540846000  0.010398782595519  -1                  
5        KZ   11215.357981178609000  0.010398782595799  -1                  
6        KZ   10707.378073918628000  0.002205403358391  -1                  
7        KZ   5807.811248744815200  0.042499280707831  -1                   
8        KZ   5783.079439899911400  0.042499280716750  -1                   
9        KZ   5646.726043542926200  0.042473400318300  -1                   
10       KZ   5621.986990026215600  0.042473400311770  -1                   
11       KZ   5189.138053040880500  0.034120997980566  -1                   
12       KZ   4608.449668658883600  0.011644373116009  -1                   
13       KZ   3888.604227769642400  0.099084442238020  -1                   
14       KZ   3871.973103909850600  0.099084442260775  -1                   
15       KZ   3780.693525467704100  0.099021951138445  -1                   
16       KZ   3764.057615381224400  0.099021951131011  -1                   
17       KZ   3396.357718075628300  0.020989332620386  -1                   
18       KZ   3303.609970219706200  0.087586449644094  -1                   
19       KZ   2934.343575664789600  0.185423299906414  -1                   
20       KZ   2921.717645548494100  0.185423299933264  -1                   
21       KZ   2852.854078925374800  0.185300366747268  -1                   
22       KZ   2840.224606764780700  0.185300366745100  -1                   
23       KZ   2550.748202690025200  0.035925007681460  -1                   
24       KZ   2426.737547103860400  0.171081519125468  -1                   
25       KZ   2366.347956305477100  0.310340337027005  -1                   
26       KZ   2356.087144477535700  0.310340337007864  -1                   
27       KZ   2300.569632049368900  0.310120597044741  -1                   
28       KZ   2290.306038424930200  0.310120597047582  -1                   
29       KZ   2046.315731668724300  0.022668264683016  -1                   
30       KZ   2013.106344083037600  0.022668264683019  -1                   
31       KZ   1991.796980752261300  0.488313044423053  -1                   
32       KZ   1983.079183638045400  0.488313044362655  -1                   
33       KZ   1936.365297288870800  0.487937378042675  -1                   
34       KZ   1927.645238832509000  0.487937378045980  -1                   
35       KZ   1917.808232777568700  0.060060274692182  -1                   
36       KZ   1908.935647679338900  0.296131271227986  -1                   
37       KZ   1728.124664487765600  0.743492787479572  -1                   
38       KZ   1720.477851093340200  0.743492787468775  -1                   
39       KZ   1695.882517593108300  0.026845731976870  -1                   
40       KZ   1679.963823327087500  0.742859309767825  -1                   
41       KZ   1672.315134238175700  0.742859309768126  -1                   
42       KZ   1665.366182214636000  0.026845731976601  -1                   
43       KZ   1560.896146931412700  0.484408800069214  -1                   
44       KZ   1440.842593811979900  1.407233823549708  -1                   
45       KZ   1434.341170909316600  1.407233823547327  -1                   
46       KZ   1432.057391392666400  0.098669917309424  -1                   
47       KZ   1384.987802206810100  1.466641168868025  -1                   
48       KZ   1378.548923846810100  1.466641168871645  -1                   
49       KZ   1300.857117168234300  0.787466466072942  -1                   
50       KZ   1172.931912496580000  3.611183050509683  -1                   
51       KZ   1167.314790703102100  3.611183050499169  -1                   
52       KZ   1107.226768985872200  4.210925020762023  -1                   
53       KZ   1101.703606416800100  4.210925020772502  -1                   
54       KZ   1100.955493999218100  1.296653493452729  -1                   
55       KZ   1065.732716119240200  0.156759144052047  -1                   
56       KZ   978.252848348315750  13.217905966345331  -1                   
57       KZ   973.097370791077650  13.217905966182002  -1                   
58       KZ   931.088982461848900  2.318522117252704  -1                    
59       KZ   906.935107769336700  20.638623663426458  -1                   
60       KZ   901.851247334890900  20.638623663499185  -1                   
61       KZ   831.200468750663730  0.222853487111868  -1                    
62       KZ   822.889898815005270  363.208449989185680  -1                  
63       KZ   817.912190459070760  363.208449953647910  -1                  
64       KZ   752.404568842661090  5.946434599394051  -1                    
65       KZ   745.423822456532320  2469.628576255716300  1                  
66       KZ   740.457818309809800  2469.628576194321300  1                  
67       KZ   688.427062463188350  36.710961873805033  1                    
68       KZ   683.388944479872860  36.710961876693055  1                    
69       KZ   601.538388946847140  14.489300834793934  1                    
70       KZ   596.404915012907960  14.489300834777413  1                    
71       KZ   548.474252736675450  5.548055976205076  1                     
72       KZ   543.088083658731310  5.548055976206622  1                     
73       KZ   507.912605064156080  415.011174289633170  -1                  
74       KZ   458.493569637353180  3.434057252488634  1                     
75       KZ   452.852571493398100  3.434057252485182  1                     
76       KZ   378.164217424025200  1.651065632308292  1                     
77       KZ   371.881865245281690  1.651065632337791  1                     
78       KZ   287.083296271491240  1.228961805979044  1                     
79       KZ   280.397683870500200  1.228961805978747  1                     
80       KZ   225.838844236181440  0.231337144893360  -1                    
81       KZ   214.431923613058190  0.231337144893400  -1                    
82       KZ   145.662015821983230  0.576986772988409  1                     
83       KZ   143.471828835476230  3.527639324584174  1                     
84       KZ   137.465575065068260  0.576986772995826  1                     
85       KZ   107.606787555134130  1.638250581819952  -1                    
86       KZ   96.374276494607784  0.280699609216381  -1                     
87       KZ   85.834773356413166  0.280699609213233  -1                     
88       KZ   39.890537768601916  0.463540817583299  1                      
89       KZ   31.069544254828998  0.463540817583209  1                      
90       KZ   -199.139705594776670  0.858135532509099  -1                   
91       KZ   -206.415214328259540  0.858135532509275  -1                   
92       KZ   -293.764476643517750  1.112412073572166  -1                   
93       KZ   -294.770744660923580  0.168744012830594  1                    
94       KZ   -300.563928084674220  1.112412073554930  -1                   
95       KZ   -307.818617657254440  0.168744012832376  1                    
96       KZ   -315.127038991548600  0.573794464594575  1                    
97       KZ   -367.823738034125430  11.430729075793648  -1                  
98       KZ   -419.964976119521110  11.430729075791970  -1                  
99       KZ   -432.513485227638510  2.984316040033798  -1                   
100      KZ   -438.226391485530940  2.984316039972540  -1                   
101      KZ   -449.603992929102450  0.140521631800486  1                    
102      KZ   -463.746918164019230  0.140521631800462  1                    
103      KZ   -522.065022988470100  4.656084864011480  -1                   
104      KZ   -527.503344980747220  4.656084863881380  -1                   
105      KZ   -577.484129147619110  11.169932893178812  -1                  
106      KZ   -582.684496850053850  11.169932893496879  -1                  
107      KZ   -673.361648991154990  29.668362459122228  -1                  
108      KZ   -678.424642170224050  29.668362457912810  -1                  
109      KZ   -678.700163678842960  66.964358393637426  -1                  
110      KZ   -683.719357850912840  66.964358393871080  -1                  
111      KZ   -734.518679719566650  3.604322698212513  1                    
112      KZ   -754.294197870559290  3.202451579902090  1                    
113      KZ   -783.539827692436460  403048.568337340720000  -1              
114      KZ   -785.176643530248270  441.933697727936360  1                  
115      KZ   -788.519598735315750  403048.566904418870000  -1              
116      KZ   -790.164409231310400  441.933697722535950  1                  
117      KZ   -804.826868440583100  2.478191251044570  1                    
118      KZ   -877.811985301010960  1.831773289935259  1                    
119      KZ   -903.009601513336630  20.638623663499185  1                   
120      KZ   -904.809326574892340  0.175151140304961  1                    
121      KZ   -905.616298211298160  30.748895288589015  1                   
122      KZ   -908.111005219747200  20.638623663426458  1                   
123      KZ   -910.676389911862320  30.748895288589015  1                   
124      KZ   -978.058789250469890  1.311034407669722  1                    
125      KZ   -1040.179351772657400  6.062158078425164  1                   
126      KZ   -1045.556726865269900  6.062158078409173  1                   
127      KZ   -1051.955788077731300  6.966624097188118  1                   
128      KZ   -1053.864465431504000  7.126556775584177  1                   
129      KZ   -1113.727395570666200  0.913198978772958  1                   
130      KZ   -1208.839248334406000  2.602235636944338  1                   
131      KZ   -1214.701007775655400  2.602235636938061  1                   
132      KZ   -1226.098927033085600  2.803240902719685  1                   
133      KZ   -1231.899294976402900  2.803240902724396  1                   
134      KZ   -1297.949293652912700  0.618678353996154  1                   
135      KZ   -1429.966062925927400  1.278858400475144  1                   
136      KZ   -1436.616691325137300  1.278858400471912  1                   
137      KZ   -1462.585931128929800  1.308372887081652  1                   
138      KZ   -1469.200416362373700  1.308372887083922  1                   
139      KZ   -1554.949379260461900  0.403905585807568  1                   
140      KZ   -1672.315134233205100  0.742859309775375  1                   
141      KZ   -1679.963823322114000  0.742859309775047  1                   
142      KZ   -1720.477851087471700  0.743492787477106  1                   
143      KZ   -1728.124664481870700  0.743492787487906  1                   
144      KZ   -1731.081849739795200  0.064313682746968  1                   
145      KZ   -1927.645238818244300  0.487937378056021  1                   
146      KZ   -1935.000259720669900  0.248429230388681  1                   
147      KZ   -1936.365297274585100  0.487937378052686  1                   
148      KZ   -1983.079183621219700  0.488313044374176  1                   
149      KZ   -1991.796980735387000  0.488313044434562  1                   
150      KZ   -2226.555880677648000  0.017071753843279  1                   
151      KZ   -2264.823454982718400  0.017071753843445  1                   
152      KZ   -2290.306038404146400  0.310120597054625  1                   
153      KZ   -2300.569632028546500  0.310120597051764  1                   
154      KZ   -2356.087144453028000  0.310340337015948  1                   
155      KZ   -2366.347956280857500  0.310340337035084  1                   
156      KZ   -2547.675739366945900  0.138562307728999  1                   
157      KZ   -2661.038193193103800  0.014429476293374  1                   
158      KZ   -2702.662280117996500  0.014429476293371  1                   
159      KZ   -2840.224606731977000  0.185300366750027  1                   
160      KZ   -2852.854078892559800  0.185300366752177  1                   
161      KZ   -2921.717645509807000  0.185423299938920  1                   
162      KZ   -2934.343575625943700  0.185423299912068  1                   
163      KZ   -3553.482320369194000  0.018002845385120  1                   
164      KZ   -3698.631216688827900  0.064439599089267  1                   
165      KZ   -3764.057615322592000  0.099021951134348  1                   
166      KZ   -3780.693525408938500  0.099021951141774  1                   
167      KZ   -3871.973103840709000  0.099084442264603  1                   
168      KZ   -3888.604227700142500  0.099084442241850  1                   
169      KZ   -5621.986989893329300  0.042473400313848  1                   
170      KZ   -5646.726043410117200  0.042473400320368  1                   
171      KZ   -5783.079439743479300  0.042499280719130  1                   
172      KZ   -5807.811248587860100  0.042499280710209  1                   
173      KZ   -6653.119537431262900  0.019769720004519  1                   
174      KZ   -9516.112353575092100  0.002700051934655  1                   
175      KZ   -11215.357980646160000  0.010398782596795  1                  
176      KZ   -11264.580550007471000  0.010398782596512  1                  
177      KZ   -11536.615630575418000  0.010404988545588  1                  
178      KZ   -11585.823631137537000  0.010404988546831  1                  
179      KZ   -30206.446850762848000  0.000963622398147  1                  
180      KZ   -58707.281420558669000  0.000072360586169  1                  
181      CZ   1400.000000000000000                                          
182      CZ   1176.735417023840000                                          
183      CZ   1171.741873968680000                                          
184      CZ   1143.772277567479900                                          
185      CZ   1138.778730682780200                                          
186      CZ   803.762741757660020                                           
187      CZ   784.374451449069060                                           
188      CZ   775.073032537014110                                           
189      CZ   702.618492822212030                                           
190      CZ   677.271486633007040                                           
191      CZ   618.173813920991960                                           
192      CZ   604.862096927590070                                           
193      CZ   591.944490346200040                                           
194      CZ   492.370900464787100                                           
195      CZ   431.966859911144010                                           
196      CZ   412.370900464787100                                           
197      CZ   390.000000000000000                                           
198      CZ   385.000000000000000                                           
199      CZ   367.000000000000000                                           
200      CZ   362.000000000000000                                           
201      PX   1070.000000000780100                                          
202      PX   950.000000000412910                                           
203      PX   589.231017399998000                                           
204      PY   0.0                                                           
205      PZ   1200.000000000000000                                          
206      PZ   765.065563926581040                                           
207      PZ   741.932195832256070                                           
208      PZ   723.692584373181030                                           
209      PZ   544.016500000000060                                           
210      PZ   509.198615835000000                                           
211      PZ   501.779232651739050                                           
212      PZ   316.365806592379040                                           
213      PZ   299.198615835000000                                           
214      PZ   268.508517064631010                                           
215      PZ   89.198615834999998                                            
216      PZ   0.0                                                           
217      PZ   -120.801384165000000                                          
218      PZ   -192.286022830708020                                          
219      PZ   -330.801384165000000                                          
220      PZ   -333.801384165000000                                          
221      PZ   -544.016500000000060                                          
222      PZ   -702.355806681763060                                          
223      PZ   -706.261927795289010                                          
224      PZ   -740.353142914113960                                          
225      PZ   -744.490029616265020                                          
226      PZ   -1200.000000000000000                                         
227      P    0.995184726672205  0.098017140329480  0.0  586.231017400184560
228      P    0.995184726672205  0.098017140329480  0.0  490.000000000408250
229      P    0.995184726672205  0.098017140329480  0.0  404.999999999691680
230      P    0.995184726672197  -0.098017140329561  0.0 
         586.231017400000160                                               
231      P    0.995184726672197  -0.098017140329561  0.0 
         490.000000000000680                                               
232      P    0.995184726672197  -0.098017140329561  0.0 
         404.999999999999370                                               
233      P    0.991444861373848  0.130526192219766  0.0 
         1070.000000003222100                                              
234      P    0.991444861373848  0.130526192219766  0.0  949.999999999623810
235      P    0.991444861373848  0.130526192219766  0.0  589.231017399947860
236      P    0.991444861373806  -0.130526192220087  0.0 
         1070.000000000284000                                              
237      P    0.991444861373806  -0.130526192220087  0.0 
         950.000000000452930                                               
238      P    0.991444861373806  -0.130526192220087  0.0 
         589.231017400030850                                               
239      P    0.978147600733742  0.0  0.207911690818059 
         1072.692659418924200                                              
240      P    0.978147600733742  0.0  0.207911690818059  952.692659421735810
241      P    0.969779412412565  0.127673881753277  0.207911690817976 
         1072.692659421463300                                              
242      P    0.969779412412565  0.127673881753277  0.207911690817976 
         952.692659420971380                                               
243      P    0.969779412412589  -0.127673881752937  0.207911690818073 
         1072.692659422963500                                              
244      P    0.969779412412589  -0.127673881752937  0.207911690818073 
         952.692659421773670                                               
245      P    0.743144825477511  0.0  0.669130606358728 
         1006.465516601167300                                              
246      P    0.743144825477511  0.0  0.669130606358728  886.465516600861180
247      P    0.736787118476251  0.096999864337763  0.669130606358668 
         1006.465516601136200                                              
248      P    0.736787118476251  0.096999864337763  0.669130606358668 
         886.465516600518530                                               
249      P    0.736787118476045  -0.096999864337621  0.669130606358916 
         1006.465516601207200                                              
250      P    0.736787118476045  -0.096999864337621  0.669130606358916 
         886.465516600959520                                               
251      P    0.615661475325791  0.0  0.788010753606618  88.795305754509627 
252      P    0.610394406057572  0.080359948070582  0.788010753606648 
         88.795305754380635                                                
253      P    0.610394406057026  -0.080359948070841  0.788010753607045 
         88.795305753777669                                                
254      P    0.587785252292768  0.0  0.809016994374733  269.887464149913280
255      P    0.582756667976599  0.076721370821684  0.809016994375306 
         269.887464149482980                                               
256      P    0.582756667978847  -0.076721370823787  0.809016994373487 
         269.887464152430940                                               
257      P    0.529919264233216  0.0  0.848048096156419  928.028329061035270
258      P    0.529919264233216  0.0  0.848048096156419  808.028329060118380
259      P    0.525385731466974  0.069168343744476  0.848048096156438 
         928.028329060989680                                               
260      P    0.525385731466974  0.069168343744476  0.848048096156438 
         808.028329060301640                                               
261      P    0.525385731467465  -0.069168343744459  0.848048096156135 
         928.028329061311750                                               
262      P    0.525385731467465  -0.069168343744459  0.848048096156135 
         808.028329060762300                                               
263      P    0.292371704717919  0.0  0.956304755964508  184.800297202272080
264      P    0.289870424256521  0.038162165329357  0.956304755963662 
         184.800297205122690                                               
265      P    0.289870424260573  -0.038162165330738  0.956304755962379 
         184.800297209091330                                               
*266      P    0.195090322016128  0.980785280403230  0.0  0.0                
*267      P    0.195090322016128  -0.980785280403230  0.0  0.0               
268      P    0.065403129230576  0.997858923238575  0.0  0.0                
269      P    0.065403129222098  -0.997858923239131  0.0  0.0               
270      P    -0.103634207775647  0.013643702291409  0.994521895368070 
         12.880029691331833                                                
271      P    -0.103634207774772  -0.013643702289889  0.994521895368182 
         12.880029692331716                                                
272      P    -0.104528463267451  0.0  0.994521895368295  12.880029693446469
273      P    -0.450106548088898  0.059257651237503  0.891006524183359 
         -127.941015313709040                                              
274      P    -0.450106548081922  -0.059257651233249  0.891006524187166 
         -127.941015306012120                                              
275      P    -0.453990499740989  0.0  0.891006524187633 
         -127.941015304945340                                              
276      P    -0.612696897044644  0.060345377222507  0.788010753606661 
         99.579862089995984                                                
277      P    -0.612696897044589  -0.060345377222247  0.788010753606724 
         99.579862089816544                                                
278      P    -0.759490826717302  0.099988864230289  0.642787609683172 
         -281.797225901126240                                              
279      P    -0.759490826719737  -0.099988864241051  0.642787609678621 
         -281.797225906642270                                              
280      P    -0.762481380944499  0.075097861242932  0.642637109844823 
         16.930792389014886                                                
281      P    -0.762481380944422  -0.075097861242501  0.642637109844964 
         16.930792389370499                                                
282      P    -0.766044443124975  0.0  0.642787609679392 
         -281.797225905888470                                              
283      P    -0.781269212370342  0.102856043096700  0.615661475326105 
         -823.101370814207370                                              
284      P    -0.781269212370342  0.102856043096700  0.615661475326105 
         -943.101370814625280                                              
285      P    -0.781269212370690  -0.102856043096724  0.615661475325658 
         -823.101370814748410                                              
286      P    -0.781269212370690  -0.102856043096724  0.615661475325658 
         -943.101370814146780                                              
287      P    -0.788010753606611  0.0  0.615661475325800 
         -823.101370814446000                                              
288      P    -0.788010753606611  0.0  0.615661475325800 
         -943.101370814160190                                              
289      P    -0.821945041195355  0.108211117552955  0.559192903470982 
         -841.939244144893910                                              
290      P    -0.821945041195355  0.108211117552955  0.559192903470982 
         -961.939244144721560                                              
291      P    -0.821945041195286  -0.108211117553118  0.559192903471052 
         -841.939244144168470                                              
292      P    -0.821945041195286  -0.108211117553118  0.559192903471052 
         -961.939244147116370                                              
293      P    -0.829037572554871  0.0  0.559192903471000 
         -841.939244144850930                                              
294      P    -0.829037572554871  0.0  0.559192903471000 
         -961.939244145122190   
SURFACE CARD END