SURFACE CARD START
8000      PZ     -330.8013842 
8001      PZ     -329.8013842 
8002      PZ     -327.8013842 
8003      PZ     -123.8013842 
8004      PZ     -121.8013842 
8005      PZ     -120.8013842 
8006      PZ     -119.8013842 
8007      PZ     -117.8013842 
8008      PY       -4.3500000 
8009      PY       -3.0000000 
8010      PY       -1.9000000 
8011      PY       -1.0000000 
8012      PY       -0.5500000 
8013      PY       -0.0000000 
8014      P         0.0327541      -0.9994634       0.0000000       2.0524119 
8015      P         0.0327541      -0.9994634       0.0000000       3.4024119 
8016      P         0.0327541      -0.9994634      -0.0000000      -0.3975881 
8017      P         0.0327541      -0.9994634      -0.0000000       0.9524119 
8018      P         0.0327541       0.9994634       0.0000000       2.0524119 
8019      P         0.0327541       0.9994634      -0.0000000       0.9524119 
8020      P         0.0327541       0.9994634       0.0000000       3.4024119 
8021      P         0.0327541       0.9994634      -0.0000000      -0.3975881 
8022      P         0.0489493       0.9988013       0.0000000       0.3945665 
8023      P         0.0489493       0.9988013      -0.0000000      -3.4054335 
8024      P         0.0489493       0.9988013       0.0000000      -0.9554335 
8025      P         0.0489493       0.9988013      -0.0000000      -2.0554335 
8026      P         0.0654031      -0.9978589       0.0000000       1.0000000 
8027      P         0.0654031      -0.9978589       0.0000000       0.0000000 
8028      P         0.0654031      -0.9978589       0.0000000       4.3500000 
8029      P         0.0654031      -0.9978589       0.0000000       3.0000000 
8030      P         0.0654031       0.9978589       0.0000000       3.0000000 
8031      P         0.0654031       0.9978589       0.0000000       1.0000000 
8032      P         0.0654031       0.9978589      -0.0000000      -0.0000000 
8033      P         0.0654031       0.9978589       0.0000000       4.3500000 
8034      P         0.0980171       0.9951847      -0.0000000      -0.5500000 
8035      P         0.0980171       0.9951847       0.0000000       0.5500000 
8036      P         0.0980171       0.9951847      -0.0000000      -1.9000000 
8037      P         0.0980171       0.9951847       0.0000000       1.9000000 
8038      P         0.1045285       0.0000000      -0.9945219     -12.8800297 
8039      P         0.1045285       0.0000000      -0.9945219     -11.8800297 
8040      P         0.1045285       0.0000000      -0.9945219      -9.8800297 
8041      P         0.1045285      -0.0000000      -0.9945219     -15.8800297 
8042      P         0.1045285      -0.0000000      -0.9945219     -13.8800297 
8043      P         0.1468478       0.9891591       0.0000000       2.0554335 
8044      P         0.1468478       0.9891591      -0.0000000       0.9554335 
8045      P         0.1468478       0.9891591       0.0000000       3.4054335 
8046      P         0.1468478       0.9891591      -0.0000000      -0.3945665 
8047      P         0.1950903       0.9807853       0.0000000       4.3500000 
8048      P         0.1950903       0.9807853       0.0000000       1.0000000 
8049      P         0.1950903       0.9807853       0.0000000       0.0000000 
8050      P         0.1950903       0.9807853       0.0000000       3.0000000 
8051      P         0.2923717       0.0000000       0.9563048     185.8002972 
8052      P         0.2923717       0.0000000       0.9563048     187.8002972 
8053      P         0.2923717       0.0000000       0.9563048     184.8002972 
8054      P         0.2923717      -0.0000000       0.9563048     183.8002972 
8055      P         0.2923717      -0.0000000       0.9563048     181.8002972 
8056      P         0.4539905       0.0000000      -0.8910065     130.9410153 
8057      P         0.4539905      -0.0000000      -0.8910065     126.9410153 
8058      P         0.4539905       0.0000000      -0.8910065     128.9410153 
8059      P         0.4539905      -0.0000000      -0.8910065     127.9410153 
8060      P         0.4539905      -0.0000000      -0.8910065     124.9410153 
8061      P         0.5299193       0.0000000       0.8480481     812.9033291 
8062      P         0.5299193       0.0000000       0.8480481     808.2283291 
8063      P         0.5299193      -0.0000000       0.8480481     928.0283291 
8064      P         0.5299193      -0.0000000       0.8480481     808.0283291 
8065      P         0.5299193       0.0000000       0.8480481     872.0283291 
8066      P         0.5299193       0.0000000       0.8480481     894.8283291 
8067      P         0.5299193       0.0000000       0.8480481     842.1533291 
8068      P         0.5299193       0.0000000       0.8480481     853.6033291 
8069      P         0.5299193       0.0000000       0.8480481     830.5533291 
8070      P         0.5299193       0.0000000       0.8480481     840.8033291 
8071      P         0.5299193       0.0000000       0.8480481     824.1533291 
8072      P         0.5299193       0.0000000       0.8480481     829.2033291 
8073      P         0.5299193       0.0000000       0.8480481     818.8533291 
8074      P         0.5299193       0.0000000       0.8480481     822.8033291 
8075      P         0.5299193       0.0000000       0.8480481     814.2533291 
8076      P         0.5299193       0.0000000       0.8480481     817.5033291 
8077      P         0.5299193       0.0000000       0.8480481     854.9533291 
8078      P         0.5299193       0.0000000       0.8480481     810.2283291 
8079      PY        0.5500000 
8080      P         0.5877853      -0.0000000       0.8090170     268.8874641 
8081      P         0.5877853       0.0000000       0.8090170     272.8874641 
8082      P         0.5877853       0.0000000       0.8090170     270.8874641 
8083      P         0.5877853      -0.0000000       0.8090170     269.8874641 
8084      P         0.5877853      -0.0000000       0.8090170     266.8874641 
8085      P         0.6126969      -0.0603454      -0.7880108    -146.7798621 
8086      P         0.6126969      -0.0603454      -0.7880108    -167.5798621 
8087      P         0.6126969      -0.0603454      -0.7880108    -106.4048621 
8088      P         0.6126969      -0.0603454      -0.7880108    -110.4548621 
8089      P         0.6126969      -0.0603454      -0.7880108    -116.9548621 
8090      P         0.6126969      -0.0603454      -0.7880108    -111.8048621 
8091      P         0.6126969      -0.0603454      -0.7880108    -125.1548621 
8092      P         0.6126969      -0.0603454      -0.7880108    -118.3048621 
8093      P         0.6126969      -0.0603454      -0.7880108    -136.6548621 
8094      P         0.6126969      -0.0603454      -0.7880108    -126.5048621 
8095      P         0.6126969      -0.0603454      -0.7880108    -138.0048621 
8096      P         0.6126969      -0.0603454      -0.7880108    -105.0548621 
8097      P         0.6126969      -0.0603454      -0.7880108     -99.7798621 
8098      P         0.6126969      -0.0603454      -0.7880108     -99.5798621 
8099      P         0.6126969      -0.0603454      -0.7880108    -101.7798621 
8100      P         0.6156615       0.0000000       0.7880108      89.7953058 
8101      P         0.6156615      -0.0000000       0.7880108      88.7953058 
8102      P         0.6156615       0.0000000       0.7880108      91.7953058 
8103      P         0.7431448       0.0000000       0.6691306     892.6905166 
8104      P         0.7431448       0.0000000       0.6691306     950.4655166 
8105      P         0.7431448       0.0000000       0.6691306     895.9405166 
8106      P         0.7431448       0.0000000       0.6691306     933.3905166 
8107      P         0.7431448       0.0000000       0.6691306     901.2405166 
8108      P         0.7431448       0.0000000       0.6691306     888.6655166 
8109      P         0.7431448       0.0000000       0.6691306     886.6655166 
8110      P         0.7431448       0.0000000       0.6691306     897.2905166 
8111      P         0.7431448       0.0000000       0.6691306    1006.4655166 
8112      P         0.7431448       0.0000000       0.6691306     907.6405166 
8113      P         0.7431448       0.0000000       0.6691306     902.5905166 
8114      P         0.7431448       0.0000000       0.6691306     919.2405166 
8115      P         0.7431448       0.0000000       0.6691306     908.9905166 
8116      P         0.7431448       0.0000000       0.6691306     932.0405166 
8117      P         0.7431448       0.0000000       0.6691306     920.5905166 
8118      P         0.7431448      -0.0000000       0.6691306     886.4655166 
8119      P         0.7431448       0.0000000       0.6691306     973.2655166 
8120      P         0.7431448       0.0000000       0.6691306     891.3405166 
8121      P         0.7624814      -0.0750979      -0.6426371     -16.9307924 
8122      P         0.7660444       0.0000000      -0.6427876     282.7972259 
8123      P         0.7660444       0.0000000      -0.6427876     284.7972259 
8124      P         0.7660444      -0.0000000      -0.6427876     278.7972259 
8125      P         0.7660444       0.0000000      -0.6427876     281.7972259 
8126      P         0.7660444      -0.0000000      -0.6427876     280.7972259 
8127      P         0.7880108       0.0000000      -0.6156615     825.3013708 
8128      P         0.7880108       0.0000000      -0.6156615     868.6763708 
8129      P         0.7880108       0.0000000      -0.6156615     909.9013708 
8130      P         0.7880108       0.0000000      -0.6156615     855.8763708 
8131      P         0.7880108       0.0000000      -0.6156615     857.2263708 
8132      P         0.7880108       0.0000000      -0.6156615     887.1013708 
8133      P         0.7880108       0.0000000      -0.6156615     832.5763708 
8134      P         0.7880108       0.0000000      -0.6156615     870.0263708 
8135      P         0.7880108       0.0000000      -0.6156615     829.3263708 
8136      P         0.7880108       0.0000000      -0.6156615     827.9763708 
8137      P         0.7880108       0.0000000      -0.6156615     837.8763708 
8138      P         0.7880108       0.0000000      -0.6156615     833.9263708 
8139      P         0.7880108       0.0000000      -0.6156615     844.2763708 
8140      P         0.7880108       0.0000000      -0.6156615     839.2263708 
8141      P         0.7880108       0.0000000      -0.6156615     845.6263708 
8142      P         0.7880108       0.0000000      -0.6156615     823.3013708 
8143      P         0.7880108       0.0000000      -0.6156615     943.1013708 
8144      P         0.7880108       0.0000000      -0.6156615     823.1013708 
8145      P         0.8290376       0.0000000      -0.5591929     863.1142441 
8146      P         0.8290376       0.0000000      -0.5591929     858.0642441 
8147      P         0.8290376       0.0000000      -0.5591929     842.1392441 
8148      P         0.8290376       0.0000000      -0.5591929     841.9392441 
8149      P         0.8290376       0.0000000      -0.5591929     888.8642441 
8150      P         0.8290376       0.0000000      -0.5591929     864.4642441 
8151      P         0.8290376       0.0000000      -0.5591929     848.1642441 
8152      P         0.8290376       0.0000000      -0.5591929     856.7142441 
8153      P         0.8290376       0.0000000      -0.5591929     905.9392441 
8154      P         0.8290376       0.0000000      -0.5591929     844.1392441 
8155      P         0.8290376       0.0000000      -0.5591929     928.7392441 
8156      P         0.8290376       0.0000000      -0.5591929     876.0642441 
8157      P         0.8290376       0.0000000      -0.5591929     846.8142441 
8158      P         0.8290376       0.0000000      -0.5591929     887.5142441 
8159      P         0.8290376       0.0000000      -0.5591929     851.4142441 
8160      P         0.8290376       0.0000000      -0.5591929     874.7142441 
8161      P         0.8290376       0.0000000      -0.5591929     961.9392441 
8162      P         0.8290376       0.0000000      -0.5591929     852.7642441 
8163      P         0.9781476       0.0000000       0.2079117     958.9176594 
8164      P         0.9781476       0.0000000       0.2079117     962.1676594 
8165      P         0.9781476       0.0000000       0.2079117     954.8926594 
8166      P         0.9781476       0.0000000       0.2079117     957.5676594 
8167      P         0.9781476       0.0000000       0.2079117     952.8926594 
8168      P         0.9781476       0.0000000       0.2079117    1072.6926594 
8169      P         0.9781476      -0.0000000       0.2079117     952.6926594 
8170      P         0.9781476       0.0000000       0.2079117     963.5176594 
8171      P         0.9781476       0.0000000       0.2079117    1016.6926594 
8172      P         0.9781476       0.0000000       0.2079117    1039.4926594 
8173      P         0.9781476       0.0000000       0.2079117     986.8176594 
8174      P         0.9781476       0.0000000       0.2079117     998.2676594 
8175      P         0.9781476       0.0000000       0.2079117     975.2176594 
8176      P         0.9781476       0.0000000       0.2079117     985.4676594 
8177      P         0.9781476       0.0000000       0.2079117     968.8176594 
8178      P         0.9781476       0.0000000       0.2079117     973.8676594 
8179      P         0.9781476       0.0000000       0.2079117     967.4676594 
8180      P         0.9781476       0.0000000       0.2079117     999.6176594 
8181      P         0.9951847      -0.0980171      -0.0000000     472.6250000 
8182      P         0.9951847      -0.0980171      -0.0000000     477.7750000 
8183      P         0.9951847      -0.0980171      -0.0000000     479.1250000 
8184      P         0.9951847      -0.0980171      -0.0000000     585.2310174 
8185      P         0.9951847      -0.0980171      -0.0000000     483.1750000 
8186      P         0.9951847      -0.0980171      -0.0000000     442.8000000 
8187      P         0.9951847      -0.0980171      -0.0000000     422.0000000 
8188      P         0.9951847      -0.0980171      -0.0000000     586.2310174 
8189      P         0.9951847      -0.0980171      -0.0000000     583.2310174 
8190      P         0.9951847      -0.0980171      -0.0000000     452.9250000 
8191      P         0.9951847      -0.0980171      -0.0000000     489.8000000 
8192      P         0.9951847      -0.0980171      -0.0000000     484.5250000 
8193      P         0.9951847      -0.0980171      -0.0000000     487.8000000 
8194      P         0.9951847      -0.0980171       0.0000000     490.0000000 
8195      P         0.9951847      -0.0980171      -0.0000000     463.0750000 
8196      P         0.9951847      -0.0980171      -0.0000000     405.0000000 
8197      P         0.9951847      -0.0980171      -0.0000000     451.5750000 
8198      P         0.9951847      -0.0980171      -0.0000000     464.4250000 
8199      P         0.9951847      -0.0980171      -0.0000000     471.2750000 
8200      PY        1.9000000 
8201      PZ       86.1986158 
8202      PZ       88.1986158 
8203      PZ       89.1986158 
8204      PZ       90.1986158 
8205      PZ       92.1986158 
8206      PZ      296.1986158 
8207      PZ      298.1986158 
8208      PZ      299.1986158 
8209      PZ      300.1986158 
8210      PZ      302.1986158 
8211      PZ      506.1986158 
8212      PZ      508.1986158 
8213      PZ      509.1986158 
8214      PZ      510.1986158 
8215      PZ      512.1986158 
8216      PX      589.2310174 
8217      PX      590.2310174 
8218      PX      592.2310174 
8219      PX      950.0000000 
8220      PX      950.2000000 
8221      PX      952.2000000 
8222      PX      954.8750000 
8223      PX      956.2250000 
8224      PX      959.4750000 
8225      PX      960.8250000 
8226      PX      964.7750000 
8227      PX      966.1250000 
8228      PX      971.1750000 
8229      PX      972.5250000 
8230      PX      982.7750000 
8231      PX      984.1250000 
8232      PX      995.5750000 
8233      PX      996.9250000 
8234      PX     1014.0000000 
8235      PX     1036.8000000 
8236      PX     1070.0000000
SURFACE CARD END